{
  "camera_angle_x": 0.9929439448433216,
  "camera_angle_y": 0.6014468949945971,
  "fl_x": 1181.3996124555838,
  "fl_y": 1160.8069004934378,
  "k1": 0.14373305949525478,
  "k2": -0.21843312132265727,
  "k3": 0,
  "k4": 0,
  "p1": 0.003562557445728215,
  "p2": -0.007310494078961469,
  "is_fisheye": false,
  "cx": 641.2776378732596,
  "cy": 361.0002457800198,
  "w": 1280.0,
  "h": 720.0,
  "aabb_scale": 32,
  "frames": [
    {
      "file_path": "./images/0001.jpg",
      "sharpness": 113.6637456027373,
      "transform_matrix": [
        [
          -0.13470108303902784,
          0.1642699044238453,
          0.9771750184724151,
          4.06659232492715
        ],
        [
          0.990876508053717,
          0.017951152107400357,
          0.1335720851274297,
          0.5904120790450725
        ],
        [
          0.004400456265426528,
          0.9862520745917189,
          -0.1651892289044828,
          0.004508200810361947
        ],
        [
          0.0,
          0.0,
          0.0,
          1.0
        ]
      ]
    },
    {
      "file_path": "./images/0006.jpg",
      "sharpness": 267.75791798615165,
      "transform_matrix": [
        [
          -0.1358032028527209,
          0.1304052014666031,
          0.9821160692725012,
          4.066136645640482
        ],
        [
          0.9906487458898827,
          0.004730076091634651,
          0.1363550096144985,
          0.5907437095414885
        ],
        [
          0.01313591876128322,
          0.9914494993737669,
          -0.1298281087733889,
          0.00574374523419789
        ],
        [
          0.0,
          0.0,
          0.0,
          1.0
        ]
      ]
    },
    {
      "file_path": "./images/0390.jpg",
      "sharpness": 415.9066596843534,
      "transform_matrix": [
        [
          0.8729329790092865,
          0.040739342531119535,
          0.4861361127564742,
          2.7926192583894
        ],
        [
          0.486858059505708,
          -0.009551968879011972,
          -0.8734288693333137,
          -2.6489381960475256
        ],
        [
          -0.030939360864324604,
          0.9991241493721076,
          -0.028172505899199136,
          -0.013380686303198096
        ],
        [
          0.0,
          0.0,
          0.0,
          1.0
        ]
      ]
    },
    {
      "file_path": "./images/0002.jpg",
      "sharpness": 180.57605333229236,
      "transform_matrix": [
        [
          -0.13553459438085216,
          0.1653736079170679,
          0.9768735555476875,
          4.038613386913933
        ],
        [
          0.9907397616753916,
          0.014592584469597976,
          0.13498807767312637,
          0.5866252034951038
        ],
        [
          0.008068355555148166,
          0.9861230279639863,
          -0.1658200089122108,
          0.008078820840538955
        ],
        [
          0.0,
          0.0,
          0.0,
          1.0
        ]
      ]
    },
    {
      "file_path": "./images/0011.jpg",
      "sharpness": 289.0642556381226,
      "transform_matrix": [
        [
          -0.13119058822455837,
          0.0838937857495688,
          0.987801023623569,
          4.049504957713602
        ],
        [
          0.9910979588883818,
          -0.011685079770715773,
          0.13262086863701172,
          0.587395144518791
        ],
        [
          0.022668600497991274,
          0.9964061880685149,
          -0.08161398733124575,
          0.007807727782455763
        ],
        [
          0.0,
          0.0,
          0.0,
          1.0
        ]
      ]
    },
    {
      "file_path": "./images/0385.jpg",
      "sharpness": 174.33912809576339,
      "transform_matrix": [
        [
          0.8661637265869883,
          -0.018266003412141955,
          0.4994264228714372,
          2.7910341065287168
        ],
        [
          0.4995366721325754,
          0.06153868693445509,
          -0.8641042201060558,
          -2.6459686469458297
        ],
        [
          -0.014950315650976664,
          0.9979375447028788,
          0.062427116962081274,
          -0.013474067028120767
        ],
        [
          0.0,
          0.0,
          0.0,
          1.0
        ]
      ]
    },
    {
      "file_path": "./images/0009.jpg",
      "sharpness": 264.41779052734375,
      "transform_matrix": [
        [
          -0.13517213467046696,
          0.10230015510822076,
          0.9855268501016774,
          4.05155899006932
        ],
        [
          0.9906477883239261,
          -0.004704527969750961,
          0.13636285016636882,
          0.5885627460039181
        ],
        [
          0.018586379354262505,
          0.9947424519338091,
          -0.10070750131486532,
          0.005441214020571326
        ],
        [
          0.0,
          0.0,
          0.0,
          1.0
        ]
      ]
    },
    {
      "file_path": "./images/0012.jpg",
      "sharpness": 305.01758540334697,
      "transform_matrix": [
        [
          -0.12991493637089274,
          0.07528599647895211,
          0.9886627979446727,
          4.055734502309442
        ],
        [
          0.9912402381923359,
          -0.01404002400291818,
          0.13132276236204626,
          0.5901871476223249
        ],
        [
          0.02376761443873073,
          0.9970631356428938,
          -0.07280250025735895,
          0.009669927631667574
        ],
        [
          0.0,
          0.0,
          0.0,
          1.0
        ]
      ]
    },
    {
      "file_path": "./images/0396.jpg",
      "sharpness": 186.04900970683167,
      "transform_matrix": [
        [
          0.8707793240677305,
          0.09346367880647712,
          0.4827089283595001,
          2.812672500788277
        ],
        [
          0.4893483069197541,
          -0.06936728139762806,
          -0.8693252640906463,
          -2.691799880707616
        ],
        [
          -0.047766131194663185,
          0.9932032626876247,
          -0.1061398873902839,
          0.0028362114493735934
        ],
        [
          0.0,
          0.0,
          0.0,
          1.0
        ]
      ]
    },
    {
      "file_path": "./images/0007.jpg",
      "sharpness": 266.53422604701666,
      "transform_matrix": [
        [
          -0.13749952084892245,
          0.12037106142554184,
          0.9831605613202127,
          4.063096325358876
        ],
        [
          0.9903943727651066,
          0.0020871256699828674,
          0.13825567005243788,
          0.5920258380194325
        ],
        [
          0.01459000210706526,
          0.9927267758429794,
          -0.11950180065919375,
          0.006314446582908423
        ],
        [
          0.0,
          0.0,
          0.0,
          1.0
        ]
      ]
    },
    {
      "file_path": "./images/0008.jpg",
      "sharpness": 274.6452405666352,
      "transform_matrix": [
        [
          -0.13685316132154474,
          0.11160635089105808,
          0.984284122941619,
          4.0578143713741035
        ],
        [
          0.9904476195333167,
          -0.0015090971308079832,
          0.13788123725379064,
          0.5903898751241539
        ],
        [
          0.016873802092070837,
          0.9937513497170722,
          -0.11033371985175616,
          0.007108869414500981
        ],
        [
          0.0,
          0.0,
          0.0,
          1.0
        ]
      ]
    },
    {
      "file_path": "./images/0004.jpg",
      "sharpness": 255.47214774421286,
      "transform_matrix": [
        [
          -0.13528599683783993,
          0.15180900052338,
          0.9791076173830715,
          4.067995819162092
        ],
        [
          0.9907383436499474,
          0.00912845545421072,
          0.135477694558105,
          0.5911115633476381
        ],
        [
          0.01162899313391791,
          0.9883676940587366,
          -0.1516379499254002,
          0.005021908440352447
        ],
        [
          0.0,
          0.0,
          0.0,
          1.0
        ]
      ]
    },
    {
      "file_path": "./images/0005.jpg",
      "sharpness": 279.90038475143876,
      "transform_matrix": [
        [
          -0.13535381696865526,
          0.13991905858986545,
          0.9808679836110529,
          4.067646355698579
        ],
        [
          0.9907152532640155,
          0.006370746602962283,
          0.13580390472198556,
          0.5922100859022059
        ],
        [
          0.012752693126983418,
          0.9901424496651569,
          -0.1394822504369722,
          0.006875644181950807
        ],
        [
          0.0,
          0.0,
          0.0,
          1.0
        ]
      ]
    },
    {
      "file_path": "./images/0015.jpg",
      "sharpness": 345.4164462590524,
      "transform_matrix": [
        [
          -0.1253019857530869,
          0.0466632350677776,
          0.991020663183777,
          4.04446291909561
        ],
        [
          0.9919362599192625,
          -0.013260380662772396,
          0.12604213010760937,
          0.583723369400941
        ],
        [
          0.019022844784144812,
          0.9988226593322557,
          -0.04462540283997748,
          0.009321890576799764
        ],
        [
          0.0,
          0.0,
          0.0,
          1.0
        ]
      ]
    },
    {
      "file_path": "./images/0010.jpg",
      "sharpness": 255.273646685253,
      "transform_matrix": [
        [
          -0.13280961539313815,
          0.0925232252001207,
          0.9868135887063805,
          4.050082508254721
        ],
        [
          0.9909052336249213,
          -0.009346347887325983,
          0.13423659618714043,
          0.5872623019874186
        ],
        [
          0.021643105919110905,
          0.9956666603726411,
          -0.09044046321441054,
          0.008217665919506435
        ],
        [
          0.0,
          0.0,
          0.0,
          1.0
        ]
      ]
    },
    {
      "file_path": "./images/0392.jpg",
      "sharpness": 362.9999283446841,
      "transform_matrix": [
        [
          0.8712478165245783,
          0.054370918857423414,
          0.4878227602127898,
          2.8176357638073846
        ],
        [
          0.48923834096767715,
          -0.015886024454609824,
          -0.8720054357366254,
          -2.7013903715535035
        ],
        [
          -0.03966217249141258,
          0.998394429775877,
          -0.04044100225802887,
          -0.005593270083392668
        ],
        [
          0.0,
          0.0,
          0.0,
          1.0
        ]
      ]
    },
    {
      "file_path": "./images/0016.jpg",
      "sharpness": 346.3789733203841,
      "transform_matrix": [
        [
          -0.12425319595638107,
          0.03452502819912611,
          0.9916497192660044,
          4.038551486170925
        ],
        [
          0.992086672438371,
          -0.013839879034684723,
          0.1247897917237844,
          0.5866096277232538
        ],
        [
          0.018032683237647295,
          0.9993080006554665,
          -0.032532171140202654,
          0.008088300288184174
        ],
        [
          0.0,
          0.0,
          0.0,
          1.0
        ]
      ]
    },
    {
      "file_path": "./images/0013.jpg",
      "sharpness": 315.63752299977995,
      "transform_matrix": [
        [
          -0.1281593349365106,
          0.0667326832534277,
          0.9895059038996683,
          4.051449129655301
        ],
        [
          0.991500408686318,
          -0.013921921034753273,
          0.12935656028809,
          0.5866483042385205
        ],
        [
          0.02240813342197137,
          0.9976737588502422,
          -0.06438125857765559,
          0.010816446177414984
        ],
        [
          0.0,
          0.0,
          0.0,
          1.0
        ]
      ]
    },
    {
      "file_path": "./images/0003.jpg",
      "sharpness": 244.87980318318006,
      "transform_matrix": [
        [
          -0.13561851501893638,
          0.16145315423588977,
          0.9775175176789476,
          4.068599249552557
        ],
        [
          0.9907011429593027,
          0.011241843551254354,
          0.1355908046023058,
          0.5921495929287114
        ],
        [
          0.010902464086067229,
          0.9868163455976612,
          -0.16147642656437688,
          0.0053864539298934784
        ],
        [
          0.0,
          0.0,
          0.0,
          1.0
        ]
      ]
    },
    {
      "file_path": "./images/0014.jpg",
      "sharpness": 327.3188399850304,
      "transform_matrix": [
        [
          -0.1275767283364749,
          0.057311942422052176,
          0.9901714597182872,
          4.043269360846547
        ],
        [
          0.9916216167737139,
          -0.013029366760884188,
          0.12851772153635574,
          0.5868624246219454
        ],
        [
          0.02026690736173458,
          0.9982712942159025,
          -0.05516951702134776,
          0.00880411759547802
        ],
        [
          0.0,
          0.0,
          0.0,
          1.0
        ]
      ]
    },
    {
      "file_path": "./images/0017.jpg",
      "sharpness": 376.4346971699927,
      "transform_matrix": [
        [
          -0.12225767764539201,
          0.022058680017814237,
          0.9922532312320772,
          4.039811145075008
        ],
        [
          0.9923420503908552,
          -0.015027730615362571,
          0.12260270118812792,
          0.5840113598885651
        ],
        [
          0.017615768016007324,
          0.9996437275081033,
          -0.02005250031247878,
          0.008480902515940941
        ],
        [
          0.0,
          0.0,
          0.0,
          1.0
        ]
      ]
    },
    {
      "file_path": "./images/0018.jpg",
      "sharpness": 425.120058407249,
      "transform_matrix": [
        [
          -0.12199760545374191,
          0.009916996823102191,
          0.9924808499086692,
          4.03855148609248
        ],
        [
          0.9923819253301619,
          -0.016076344132196312,
          0.12214608236592743,
          0.5866096276458157
        ],
        [
          0.017166785998523726,
          0.9998215862498795,
          -0.007880172912224983,
          0.00808830026878083
        ],
        [
          0.0,
          0.0,
          0.0,
          1.0
        ]
      ]
    },
    {
      "file_path": "./images/0019.jpg",
      "sharpness": 383.3862804756825,
      "transform_matrix": [
        [
          -0.12224621173513558,
          -0.0032332730294571945,
          0.9924945388564091,
          4.047131519895741
        ],
        [
          0.9923504414505228,
          -0.017746366767210642,
          0.12217065040146198,
          0.5855394538380461
        ],
        [
          0.01721816103206514,
          0.9998372929681868,
          0.005377966027465725,
          0.008942775021582078
        ],
        [
          0.0,
          0.0,
          0.0,
          1.0
        ]
      ]
    },
    {
      "file_path": "./images/0020.jpg",
      "sharpness": 438.49735539259615,
      "transform_matrix": [
        [
          -0.1229785402659048,
          -0.014948767897869333,
          0.9922967363497036,
          4.042307894831104
        ],
        [
          0.992235203550353,
          -0.02058194460789253,
          0.12266085109580585,
          0.5874833095318173
        ],
        [
          0.01858976786895583,
          0.999676406589835,
          0.017363831261681697,
          0.009344069515797585
        ],
        [
          0.0,
          0.0,
          0.0,
          1.0
        ]
      ]
    },
    {
      "file_path": "./images/0021.jpg",
      "sharpness": 478.9469150351524,
      "transform_matrix": [
        [
          -0.12270337797533129,
          -0.026209588808583737,
          0.9920972424544879,
          4.038551485525253
        ],
        [
          0.992252694136858,
          -0.02283551805145144,
          0.12211932727242114,
          0.5866096274116059
        ],
        [
          0.019454357135473627,
          0.9993956156436142,
          0.028808530310266204,
          0.008088300146016764
        ],
        [
          0.0,
          0.0,
          0.0,
          1.0
        ]
      ]
    },
    {
      "file_path": "./images/0022.jpg",
      "sharpness": 479.161372238525,
      "transform_matrix": [
        [
          -0.12176296655136899,
          -0.03773299256435305,
          0.9918417218723055,
          4.038551485959356
        ],
        [
          0.9923303700572668,
          -0.026084463813093317,
          0.12083061453783593,
          0.5866096278716998
        ],
        [
          0.02131235882259194,
          0.9989473569801335,
          0.04061971616953665,
          0.008088300154480777
        ],
        [
          0.0,
          0.0,
          0.0,
          1.0
        ]
      ]
    },
    {
      "file_path": "./images/0026.jpg",
      "sharpness": 575.0452921757062,
      "transform_matrix": [
        [
          -0.12264397918361222,
          -0.08231178681067235,
          0.9890314575987535,
          4.038551485924749
        ],
        [
          0.9921314418396927,
          -0.03544519035693408,
          0.12007847681267782,
          0.5866096276751058
        ],
        [
          0.025172534299628402,
          0.9959761082628783,
          0.08601125091716877,
          0.008088300223139576
        ],
        [
          0.0,
          0.0,
          0.0,
          1.0
        ]
      ]
    },
    {
      "file_path": "./images/0025.jpg",
      "sharpness": 541.6773997228363,
      "transform_matrix": [
        [
          -0.12207556941620262,
          -0.0724259641804332,
          0.9898747572607939,
          4.038551485925056
        ],
        [
          0.9921874902038595,
          -0.034750217546196206,
          0.1198182234197212,
          0.5866096276751831
        ],
        [
          0.025720412800740878,
          0.9967682288731419,
          0.07610228822006748,
          0.008088300223245293
        ],
        [
          0.0,
          0.0,
          0.0,
          1.0
        ]
      ]
    },
    {
      "file_path": "./images/0023.jpg",
      "sharpness": 509.2230715535293,
      "transform_matrix": [
        [
          -0.1207534394332561,
          -0.0492049605504501,
          0.9914622931408631,
          4.038551442676354
        ],
        [
          0.9924120549127081,
          -0.02929748659374587,
          0.11941511857057706,
          0.5866096106807032
        ],
        [
          0.0231715370431064,
          0.9983589179921171,
          0.05236936828471547,
          0.008088289025144128
        ],
        [
          0.0,
          0.0,
          0.0,
          1.0
        ]
      ]
    },
    {
      "file_path": "./images/0024.jpg",
      "sharpness": 537.294472800243,
      "transform_matrix": [
        [
          -0.12102806035196774,
          -0.06067481507265611,
          0.9907930033166416,
          4.03855148458604
        ],
        [
          0.992327761050074,
          -0.03278995438700129,
          0.11920752300356449,
          0.5866096238065107
        ],
        [
          0.025255162972202014,
          0.9976188579337655,
          0.0641778079716644,
          0.008088300258193485
        ],
        [
          0.0,
          0.0,
          0.0,
          1.0
        ]
      ]
    },
    {
      "file_path": "./images/0035.jpg",
      "sharpness": 599.3894620682507,
      "transform_matrix": [
        [
          -0.07103929363665484,
          -0.15711536598555478,
          0.985021918806227,
          4.038551485925116
        ],
        [
          0.9974500699812544,
          -0.017960448523178893,
          0.0690708345340997,
          0.5866096276752074
        ],
        [
          0.006839346020169364,
          0.9874169251425372,
          0.1579906303739061,
          0.008088300223289034
        ],
        [
          0.0,
          0.0,
          0.0,
          1.0
        ]
      ]
    },
    {
      "file_path": "./images/0027.jpg",
      "sharpness": 590.2229697708506,
      "transform_matrix": [
        [
          -0.1222535523306824,
          -0.09163778726101027,
          0.988259371261566,
          4.038551485925379
        ],
        [
          0.992229709658368,
          -0.03447419548640399,
          0.11954803685897944,
          0.586609627675252
        ],
        [
          0.023114329186987352,
          0.9951954811941947,
          0.09514032790968278,
          0.008088300223370279
        ],
        [
          0.0,
          0.0,
          0.0,
          1.0
        ]
      ]
    },
    {
      "file_path": "./images/0028.jpg",
      "sharpness": 568.293263837951,
      "transform_matrix": [
        [
          -0.12011802425184911,
          -0.10119840608682072,
          0.9875882456029891,
          4.0385514859252964
        ],
        [
          0.9925703500740758,
          -0.031666275564465864,
          0.11747913493766382,
          0.5866096276752344
        ],
        [
          0.019384540325341537,
          0.9943621722467301,
          0.10425022781275237,
          0.008088300223338079
        ],
        [
          0.0,
          0.0,
          0.0,
          1.0
        ]
      ]
    },
    {
      "file_path": "./images/0031.jpg",
      "sharpness": 609.9717936467487,
      "transform_matrix": [
        [
          -0.10703451186059545,
          -0.13400396954835803,
          0.9851835105268042,
          4.038551485925041
        ],
        [
          0.9941899443854394,
          -0.025786563443330864,
          0.10450553874632676,
          0.586609627675127
        ],
        [
          0.01140034006572533,
          0.9906452388665369,
          0.13598545126342942,
          0.008088300223280314
        ],
        [
          0.0,
          0.0,
          0.0,
          1.0
        ]
      ]
    },
    {
      "file_path": "./images/0034.jpg",
      "sharpness": 580.2034743991416,
      "transform_matrix": [
        [
          -0.08145307304474704,
          -0.1565111536373021,
          0.984311767519092,
          4.038551504380899
        ],
        [
          0.9966457283546276,
          -0.02063589158979207,
          0.07919250047048738,
          0.5866096300435559
        ],
        [
          0.007917641317022023,
          0.987460590992515,
          0.15766702949747877,
          0.00808830556536306
        ],
        [
          0.0,
          0.0,
          0.0,
          1.0
        ]
      ]
    },
    {
      "file_path": "./images/0033.jpg",
      "sharpness": 603.7158459187775,
      "transform_matrix": [
        [
          -0.09167747309507497,
          -0.15254564592123604,
          0.9840350943107902,
          4.03855148592537
        ],
        [
          0.9957457238333219,
          -0.023230084094821562,
          0.08916735198827559,
          0.586609627675252
        ],
        [
          0.009257126688957609,
          0.988023374774753,
          0.1540263500250622,
          0.008088300223367033
        ],
        [
          0.0,
          0.0,
          0.0,
          1.0
        ]
      ]
    },
    {
      "file_path": "./images/0030.jpg",
      "sharpness": 574.9247549424159,
      "transform_matrix": [
        [
          -0.11256461338497142,
          -0.12232557188165957,
          0.9860860318832165,
          4.038551485925378
        ],
        [
          0.9935549857574526,
          -0.027169916970559337,
          0.11004674410595364,
          0.5866096276752495
        ],
        [
          0.013330344705619886,
          0.9921180625679136,
          0.12459555302814726,
          0.008088300223370792
        ],
        [
          0.0,
          0.0,
          0.0,
          1.0
        ]
      ]
    },
    {
      "file_path": "./images/0029.jpg",
      "sharpness": 584.0248794854613,
      "transform_matrix": [
        [
          -0.11649599828614127,
          -0.11124870090187537,
          0.9869409348734256,
          4.038551485925372
        ],
        [
          0.9930612702140995,
          -0.029117764138812806,
          0.11393625152828048,
          0.5866096276752515
        ],
        [
          0.0160622533924333,
          0.9933659357744629,
          0.11386887922849619,
          0.008088300223367607
        ],
        [
          0.0,
          0.0,
          0.0,
          1.0
        ]
      ]
    },
    {
      "file_path": "./images/0037.jpg",
      "sharpness": 599.2159204059695,
      "transform_matrix": [
        [
          -0.0525121790301347,
          -0.14919841364314107,
          0.987411922359533,
          4.038551485925369
        ],
        [
          0.9986040237597058,
          -0.013487919940545191,
          0.05106936211274188,
          0.5866096276752517
        ],
        [
          0.0056986651441369805,
          0.9887152822627548,
          0.1496984162692677,
          0.008088300223367307
        ],
        [
          0.0,
          0.0,
          0.0,
          1.0
        ]
      ]
    },
    {
      "file_path": "./images/0032.jpg",
      "sharpness": 601.1015962942568,
      "transform_matrix": [
        [
          -0.10025810790786695,
          -0.14424340767920943,
          0.9844501770723061,
          4.038551485925368
        ],
        [
          0.9949137917360753,
          -0.02421956468498994,
          0.09777504640661037,
          0.586609627675252
        ],
        [
          0.009739548863070192,
          0.9892457995995895,
          0.14593796339672407,
          0.008088300223366294
        ],
        [
          0.0,
          0.0,
          0.0,
          1.0
        ]
      ]
    },
    {
      "file_path": "./images/0039.jpg",
      "sharpness": 577.1514212430554,
      "transform_matrix": [
        [
          -0.0429843724347068,
          -0.13613610873955836,
          0.9897571942762105,
          4.0385514934081295
        ],
        [
          0.9990692196949622,
          -0.009437545928577684,
          0.0420906995064861,
          0.586609628364108
        ],
        [
          0.0036108149341828565,
          0.9906451900766329,
          0.1364150629198027,
          0.008088304211699138
        ],
        [
          0.0,
          0.0,
          0.0,
          1.0
        ]
      ]
    },
    {
      "file_path": "./images/0036.jpg",
      "sharpness": 584.2517578245374,
      "transform_matrix": [
        [
          -0.060809822669071124,
          -0.1546073486582861,
          0.9861028005262342,
          4.038551485925367
        ],
        [
          0.9981299765633107,
          -0.015577362216778481,
          0.05910918432944102,
          0.5866096276752524
        ],
        [
          0.006222166236248018,
          0.9878531841954521,
          0.15526548592686493,
          0.008088300223366368
        ],
        [
          0.0,
          0.0,
          0.0,
          1.0
        ]
      ]
    },
    {
      "file_path": "./images/0038.jpg",
      "sharpness": 581.9089700817517,
      "transform_matrix": [
        [
          -0.04623625241736029,
          -0.14240744619505216,
          0.9887276309623761,
          4.0385514859254155
        ],
        [
          0.9989153185614388,
          -0.012054060757858953,
          0.04497650456121427,
          0.5866096276753008
        ],
        [
          0.005513193783251784,
          0.9897347214710214,
          0.14281031407730604,
          0.008088300223395456
        ],
        [
          0.0,
          0.0,
          0.0,
          1.0
        ]
      ]
    },
    {
      "file_path": "./images/0040.jpg",
      "sharpness": 591.2566955268754,
      "transform_matrix": [
        [
          -0.04213531703755547,
          -0.13086059430152883,
          0.9905049822767508,
          4.03855148592537
        ],
        [
          0.9991086483403285,
          -0.008053169976273353,
          0.04143736556412305,
          0.5866096276752524
        ],
        [
          0.0025541867006094485,
          0.9913680705521309,
          0.1310832743637202,
          0.008088300223367354
        ],
        [
          0.0,
          0.0,
          0.0,
          1.0
        ]
      ]
    },
    {
      "file_path": "./images/0041.jpg",
      "sharpness": 563.2809822740155,
      "transform_matrix": [
        [
          -0.04247680794281261,
          -0.1265301649547762,
          0.9910528937152534,
          4.038551485925338
        ],
        [
          0.999097144333633,
          -0.006159305654144102,
          0.04203521307473819,
          0.5866096276752467
        ],
        [
          0.0007854752475604421,
          0.9919436376671041,
          0.1266775541217126,
          0.008088300223355062
        ],
        [
          0.0,
          0.0,
          0.0,
          1.0
        ]
      ]
    },
    {
      "file_path": "./images/0042.jpg",
      "sharpness": 552.5128752896524,
      "transform_matrix": [
        [
          -0.04252168120070811,
          -0.12268542098604962,
          0.9915342626975692,
          4.038551485925344
        ],
        [
          0.9990954588643978,
          -0.005631920747868381,
          0.04214908712211796,
          0.5866096276752476
        ],
        [
          0.00041316388855409036,
          0.9924296292151079,
          0.12281392571461754,
          0.008088300223357782
        ],
        [
          0.0,
          0.0,
          0.0,
          1.0
        ]
      ]
    },
    {
      "file_path": "./images/0043.jpg",
      "sharpness": 544.1083015371062,
      "transform_matrix": [
        [
          -0.041177546708360456,
          -0.11855681651102216,
          0.9920930858058248,
          4.03855148592582
        ],
        [
          0.9991517965534287,
          -0.005195678513651867,
          0.04084963119586726,
          0.5866096276752929
        ],
        [
          0.0003115944992325396,
          0.9929336766277118,
          0.11867020150532057,
          0.008088300223540304
        ],
        [
          0.0,
          0.0,
          0.0,
          1.0
        ]
      ]
    },
    {
      "file_path": "./images/0046.jpg",
      "sharpness": 547.672721274576,
      "transform_matrix": [
        [
          -0.033380196860507985,
          -0.10428666515404943,
          0.9939869485694828,
          4.039483532697921
        ],
        [
          0.9994427159745388,
          -0.0036235774546219367,
          0.03318323630792152,
          0.5839247608345197
        ],
        [
          0.0001412196434529253,
          0.9945406784819556,
          0.10434950359026506,
          0.008175314466898025
        ],
        [
          0.0,
          0.0,
          0.0,
          1.0
        ]
      ]
    },
    {
      "file_path": "./images/0051.jpg",
      "sharpness": 494.48068602588313,
      "transform_matrix": [
        [
          -0.027057034507942553,
          -0.07107705003509172,
          0.9971037909063508,
          4.042883565478302
        ],
        [
          0.9996330923649687,
          -0.0006626389944008795,
          0.027078433455666153,
          0.5837862193595496
        ],
        [
          -0.0012639353162807961,
          0.9974706080209798,
          0.07106890036889615,
          0.008778401511979998
        ],
        [
          0.0,
          0.0,
          0.0,
          1.0
        ]
      ]
    },
    {
      "file_path": "./images/0050.jpg",
      "sharpness": 523.4144942886871,
      "transform_matrix": [
        [
          -0.0284456773302871,
          -0.07636277352252145,
          0.9966742548390825,
          4.044489596775536
        ],
        [
          0.9995950428800539,
          -0.0014044967976246825,
          0.028421429210523676,
          0.5843663101668589
        ],
        [
          -0.0007705133627931372,
          0.9970791113079065,
          0.07637180173640132,
          0.009196382014710734
        ],
        [
          0.0,
          0.0,
          0.0,
          1.0
        ]
      ]
    },
    {
      "file_path": "./images/0044.jpg",
      "sharpness": 534.5800957185238,
      "transform_matrix": [
        [
          -0.03908693875135981,
          -0.11434385607810638,
          0.992671997083683,
          4.038551485925369
        ],
        [
          0.9992357840563632,
          -0.004231116766648125,
          0.03885801734741699,
          0.5866096276752534
        ],
        [
          -0.00024306441241076206,
          0.9934322222607677,
          0.1144218540821424,
          0.008088300223367246
        ],
        [
          0.0,
          0.0,
          0.0,
          1.0
        ]
      ]
    },
    {
      "file_path": "./images/0052.jpg",
      "sharpness": 449.77883566464897,
      "transform_matrix": [
        [
          -0.024783235498742562,
          -0.06522169124293234,
          0.9975629916087987,
          4.044981679192619
        ],
        [
          0.9996927854431084,
          -0.0012626241854260462,
          0.024753595964340288,
          0.5858015426214858
        ],
        [
          -0.0003549242334472693,
          0.9978699999345851,
          0.06523294610249124,
          0.009291843957219648
        ],
        [
          0.0,
          0.0,
          0.0,
          1.0
        ]
      ]
    },
    {
      "file_path": "./images/0045.jpg",
      "sharpness": 524.7669683098687,
      "transform_matrix": [
        [
          -0.036540587499718245,
          -0.1098150481974008,
          0.9932801420809986,
          4.038953418850054
        ],
        [
          0.9993321093145054,
          -0.0043610168475842065,
          0.03628108081460956,
          0.5866118366139901
        ],
        [
          0.00034750279567592426,
          0.9939424715341069,
          0.10990105786728951,
          0.008130857771313409
        ],
        [
          0.0,
          0.0,
          0.0,
          1.0
        ]
      ]
    },
    {
      "file_path": "./images/0049.jpg",
      "sharpness": 549.8692130172153,
      "transform_matrix": [
        [
          -0.029557528347361427,
          -0.0831205047806686,
          0.996101066258275,
          4.049311814901032
        ],
        [
          0.9995630786739637,
          -0.0023927645738331623,
          0.029460591126487478,
          0.5869219458269774
        ],
        [
          -6.534386227028462e-05,
          0.9965366307168904,
          0.08315491186621865,
          0.010715374701756025
        ],
        [
          0.0,
          0.0,
          0.0,
          1.0
        ]
      ]
    },
    {
      "file_path": "./images/0055.jpg",
      "sharpness": 423.2945281015984,
      "transform_matrix": [
        [
          -0.02048042654785059,
          -0.04662557830891353,
          0.9987024619843731,
          4.045911913107199
        ],
        [
          0.9997872452784815,
          -0.00340577060350908,
          0.020343669901512318,
          0.5837975725514266
        ],
        [
          0.0024528161125948727,
          0.9989066303573256,
          0.04668541013166878,
          0.010019478451224287
        ],
        [
          0.0,
          0.0,
          0.0,
          1.0
        ]
      ]
    },
    {
      "file_path": "./images/0048.jpg",
      "sharpness": 540.5087303212061,
      "transform_matrix": [
        [
          -0.029852517923952538,
          -0.09013439117519413,
          0.9954821036557856,
          4.042279734070681
        ],
        [
          0.9995543035216862,
          -0.002545893130042628,
          0.029744121090518286,
          0.5849290691293755
        ],
        [
          -0.0001465771967574681,
          0.9959263576959485,
          0.09017021991476942,
          0.009125247373060499
        ],
        [
          0.0,
          0.0,
          0.0,
          1.0
        ]
      ]
    },
    {
      "file_path": "./images/0053.jpg",
      "sharpness": 434.8492500089669,
      "transform_matrix": [
        [
          -0.02265479579912181,
          -0.05947712123400608,
          0.9979725608827561,
          4.0438741863757155
        ],
        [
          0.9997431093493057,
          -0.002036334011407266,
          0.022573627364164447,
          0.5837170191206094
        ],
        [
          0.0006895910967470791,
          0.9982275919805965,
          0.059507974848838116,
          0.009335188838510314
        ],
        [
          0.0,
          0.0,
          0.0,
          1.0
        ]
      ]
    },
    {
      "file_path": "./images/0047.jpg",
      "sharpness": 528.3568043306138,
      "transform_matrix": [
        [
          -0.031437232695660226,
          -0.09758889113217667,
          0.9947301688025261,
          4.044097275183993
        ],
        [
          0.999505717012157,
          -0.003217332836688912,
          0.031272518757399656,
          0.5867853191553769
        ],
        [
          0.00014852760728864217,
          0.9952216120517485,
          0.09764179864453396,
          0.009203750700063512
        ],
        [
          0.0,
          0.0,
          0.0,
          1.0
        ]
      ]
    },
    {
      "file_path": "./images/0058.jpg",
      "sharpness": 354.89993152998824,
      "transform_matrix": [
        [
          -0.01612897054256902,
          -0.027735806534531005,
          0.9994851581404233,
          4.043491085387731
        ],
        [
          0.9998654488233039,
          -0.00343672112929405,
          0.01603973806683186,
          0.5839493927256875
        ],
        [
          0.002990076689510795,
          0.9996093806990957,
          0.027787505422982587,
          0.008540266768228685
        ],
        [
          0.0,
          0.0,
          0.0,
          1.0
        ]
      ]
    },
    {
      "file_path": "./images/0054.jpg",
      "sharpness": 438.874048186831,
      "transform_matrix": [
        [
          -0.021383897289174683,
